# Values "interpolated/scaled" by Carlos to match the ones from Shao at low pt
# where we observed wiggles.
#
# Also fixed the apparent mixup of h=0 and |h|=1 states
#
# For compatibility keep the three column layout of the originals but fill all
# with the same values, i.e. pT, LP+NLO, NLO
5	1459.501889	1459.501889	1459.501889
6	762.982696	762.982696	762.982696
7	296.5170604	296.5170604	296.5170604
8	143.896978	143.896978	143.896978
9	66.10233941	66.10233941	66.10233941
10	31.27343641	31.27343641	31.27343641
11	14.61625202	14.61625202	14.61625202
12	7.195631042	7.195631042	7.195631042
13	4.28563327	4.28563327	4.28563327
14	2.084149546	2.084149546	2.084149546
15	0.635656554	0.635656554	0.635656554
16	0.04798173719	0.04798173719	0.04798173719
17	-0.2436681551	-0.2436681551	-0.2436681551
18	-0.3743437706	-0.3743437706	-0.3743437706
19	-0.4180542327	-0.4180542327	-0.4180542327
20	-0.4158644813	-0.4158644813	-0.4158644813
21	-0.3888585327	-0.3888585327	-0.3888585327
22	-0.3528932941	-0.3528932941	-0.3528932941
23	-0.3146743192	-0.3146743192	-0.3146743192
24	-0.2776469398	-0.2776469398	-0.2776469398
25	-0.2434449331	-0.2434449331	-0.2434449331
26	-0.2125603625	-0.2125603625	-0.2125603625
27	-0.1852969505	-0.1852969505	-0.1852969505
28	-0.1614801935	-0.1614801935	-0.1614801935
29	-0.1408066595	-0.1408066595	-0.1408066595
30	-0.1229281217	-0.1229281217	-0.1229281217
31	-0.1074963131	-0.1074963131	-0.1074963131
32	-0.09418526493	-0.09418526493	-0.09418526493
33	-0.08270103595	-0.08270103595	-0.08270103595
34	-0.07278450758	-0.07278450758	-0.07278450758
35	-0.06421052315	-0.06421052315	-0.06421052315
36	-0.05696345789	-0.05696345789	-0.05696345789
37	-0.05064715274	-0.05064715274	-0.05064715274
38	-0.04512821883	-0.04512821883	-0.04512821883
39	-0.0402941383	-0.0402941383	-0.0402941383
40	-0.03604978348	-0.03604978348	-0.03604978348
41	-0.03231453692	-0.03231453692	-0.03231453692
42	-0.02901990963	-0.02901990963	-0.02901990963
43	-0.02610757075	-0.02610757075	-0.02610757075
44	-0.02352771576	-0.02352771576	-0.02352771576
45	-0.02123771344	-0.02123771344	-0.02123771344
46	-0.01920098185	-0.01920098185	-0.01920098185
47	-0.01738605289	-0.01738605289	-0.01738605289
48	-0.01576579199	-0.01576579199	-0.01576579199
49	-0.01431674598	-0.01431674598	-0.01431674598
50	-0.01301859662	-0.01301859662	-0.01301859662
51	-0.01184271693	-0.01184271693	-0.01184271693
52	-0.01078720374	-0.01078720374	-0.01078720374
53	-0.009838373433	-0.009838373433	-0.009838373433
54	-0.008984239154	-0.008984239154	-0.008984239154
55	-0.008214285293	-0.008214285293	-0.008214285293
56	-0.007519273471	-0.007519273471	-0.007519273471
57	-0.006891075556	-0.006891075556	-0.006891075556
58	-0.006322529779	-0.006322529779	-0.006322529779
59	-0.005807316661	-0.005807316661	-0.005807316661
60	-0.005339851886	-0.005339851886	-0.005339851886
61	-0.004915193707	-0.004915193707	-0.004915193707
62	-0.004528962803	-0.004528962803	-0.004528962803
63	-0.004177272842	-0.004177272842	-0.004177272842
64	-0.003856670215	-0.003856670215	-0.003856670215
65	-0.003564081681	-0.003564081681	-0.003564081681
66	-0.003296768813	-0.003296768813	-0.003296768813
67	-0.003052288306	-0.003052288306	-0.003052288306
68	-0.002828457348	-0.002828457348	-0.002828457348
69	-0.002623323366	-0.002623323366	-0.002623323366
70	-0.00243513756	-0.00243513756	-0.00243513756
71	-0.002261780015	-0.002261780015	-0.002261780015
72	-0.002102483022	-0.002102483022	-0.002102483022
73	-0.001955973468	-0.001955973468	-0.001955973468
74	-0.00182110491	-0.00182110491	-0.00182110491
75	-0.001696843906	-0.001696843906	-0.001696843906
76	-0.001582257929	-0.001582257929	-0.001582257929
77	-0.001476504663	-0.001476504663	-0.001476504663
78	-0.001378822523	-0.001378822523	-0.001378822523
79	-0.001288522241	-0.001288522241	-0.001288522241
80	-0.001204979403	-0.001204979403	-0.001204979403
81	-0.001127627807	-0.001127627807	-0.001127627807
82	-0.001055953553	-0.001055953553	-0.001055953553
83	-0.000989489788	-0.000989489788	-0.000989489788
84	-0.0009278120099	-0.0009278120099	-0.0009278120099
85	-0.0008705338824	-0.0008705338824	-0.0008705338824
86	-0.0008173034948	-0.0008173034948	-0.0008173034948
87	-0.0007678000165	-0.0007678000165	-0.0007678000165
88	-0.0007217307034	-0.0007217307034	-0.0007217307034
89	-0.0006788282151	-0.0006788282151	-0.0006788282151
90	-0.0006388482088	-0.0006388482088	-0.0006388482088
91	-0.0006015671797	-0.0006015671797	-0.0006015671797
92	-0.0005667805207	-0.0005667805207	-0.0005667805207
93	-0.0005343007771	-0.0005343007771	-0.0005343007771
94	-0.0005039560756	-0.0005039560756	-0.0005039560756
95	-0.000475588709	-0.000475588709	-0.000475588709
96	-0.0004490538604	-0.0004490538604	-0.0004490538604
97	-0.0004242184513	-0.0004242184513	-0.0004242184513
98	-0.0004009601009	-0.0004009601009	-0.0004009601009
99	-0.0003791661859	-0.0003791661859	-0.0003791661859
100	-0.0003587329895	-0.0003587329895	-0.0003587329895
101	-0.0003395649308	-0.0003395649308	-0.0003395649308
102	-0.0003215738662	-0.0003215738662	-0.0003215738662
103	-0.0003046784564	-0.0003046784564	-0.0003046784564
104	-0.0002888035911	-0.0002888035911	-0.0002888035911
105	-0.0002738798669	-0.0002738798669	-0.0002738798669
106	-0.0002598431124	-0.0002598431124	-0.0002598431124
107	-0.0002466339565	-0.0002466339565	-0.0002466339565
108	-0.0002341974346	-0.0002341974346	-0.0002341974346
109	-0.0002224826309	-0.0002224826309	-0.0002224826309
110	-0.0002114423509	-0.0002114423509	-0.0002114423509
111	-0.0002010328241	-0.0002010328241	-0.0002010328241
112	-0.0001912134312	-0.0001912134312	-0.0001912134312
113	-0.0001819464558	-0.0001819464558	-0.0001819464558
114	-0.0001731968567	-0.0001731968567	-0.0001731968567
115	-0.0001649320598	-0.0001649320598	-0.0001649320598
116	-0.0001571217679	-0.0001571217679	-0.0001571217679
117	-0.000149737786	-0.000149737786	-0.000149737786
118	-0.0001427538614	-0.0001427538614	-0.0001427538614
119	-0.0001361455366	-0.0001361455366	-0.0001361455366
120	-0.000129890015	-0.000129890015	-0.000129890015
