# Values "interpolated/scaled" by Carlos to match the ones from Shao at low pt
# where we observed wiggles.
#
# Also fixed the apparent mixup of h=0 and |h|=1 states
#
# For compatibility keep the three column layout of the originals but fill all
# with the same values, i.e. pT, LP+NLO, NLO
5    -138.6110027    -138.6110027    -138.6110027
6    -143.470508    -143.470508    -143.470508
7    -53.90327876    -53.90327876    -53.90327876
8    -35.75163717    -35.75163717    -35.75163717
9    -20.77696464    -20.77696464    -20.77696464
10    -13.16987085    -13.16987085    -13.16987085
11    -8.733276714    -8.733276714    -8.733276714
12    -6.339852346    -6.339852346    -6.339852346
13    -5.095488419    -5.095488419    -5.095488419
14    -3.771564488    -3.771564488    -3.771564488
15    -2.691431946    -2.691431946    -2.691431946
16    -2.024962635    -2.024962635    -2.024962635
17    -1.543142393    -1.543142393    -1.543142393
18    -1.192068951    -1.192068951    -1.192068951
19    -0.9327285316    -0.9327285316    -0.9327285316
20    -0.7378204609    -0.7378204609    -0.7378204609
21    -0.5889748452    -0.5889748452    -0.5889748452
22    -0.474350637    -0.474350637    -0.474350637
23    -0.3853473219    -0.3853473219    -0.3853473219
24    -0.3156688781    -0.3156688781    -0.3156688781
25    -0.2606780191    -0.2606780191    -0.2606780191
26    -0.2178075236    -0.2178075236    -0.2178075236
27    -0.1831031562    -0.1831031562    -0.1831031562
28    -0.1547195074    -0.1547195074    -0.1547195074
29    -0.1312990972    -0.1312990972    -0.1312990972
30    -0.1118262365    -0.1118262365    -0.1118262365
31    -0.09518336199    -0.09518336199    -0.09518336199
32    -0.08131786594    -0.08131786594    -0.08131786594
33    -0.06974678751    -0.06974678751    -0.06974678751
34    -0.06006975491    -0.06006975491    -0.06006975491
35    -0.05195653571    -0.05195653571    -0.05195653571
36    -0.04516014914    -0.04516014914    -0.04516014914
37    -0.03939886908    -0.03939886908    -0.03939886908
38    -0.03448687642    -0.03448687642    -0.03448687642
39    -0.03027702913    -0.03027702913    -0.03027702913
40    -0.02665177468    -0.02665177468    -0.02665177468
41    -0.02350346003    -0.02350346003    -0.02350346003
42    -0.02077467211    -0.02077467211    -0.02077467211
43    -0.01840284316    -0.01840284316    -0.01840284316
44    -0.0163357564    -0.0163357564    -0.0163357564
45    -0.01452966391    -0.01452966391    -0.01452966391
46    -0.01294061475    -0.01294061475    -0.01294061475
47    -0.01154817348    -0.01154817348    -0.01154817348
48    -0.01032638438    -0.01032638438    -0.01032638438
49    -0.009252819847    -0.009252819847    -0.009252819847
50    -0.008308106956    -0.008308106956    -0.008308106956
51    -0.007475261576    -0.007475261576    -0.007475261576
52    -0.006741498147    -0.006741498147    -0.006741498147
53    -0.006094842135    -0.006094842135    -0.006094842135
54    -0.00552466089    -0.00552466089    -0.00552466089
55    -0.00502155677    -0.00502155677    -0.00502155677
56    -0.004577253721    -0.004577253721    -0.004577253721
57    -0.004184483971    -0.004184483971    -0.004184483971
58    -0.003836879075    -0.003836879075    -0.003836879075
59    -0.003528867812    -0.003528867812    -0.003528867812
60    -0.003255582272    -0.003255582272    -0.003255582272
61    -0.003001028014    -0.003001028014    -0.003001028014
62    -0.002769815109    -0.002769815109    -0.002769815109
63    -0.002559128971    -0.002559128971    -0.002559128971
64    -0.002366587087    -0.002366587087    -0.002366587087
65    -0.002190162328    -0.002190162328    -0.002190162328
66    -0.002028121149    -0.002028121149    -0.002028121149
67    -0.001878973566    -0.001878973566    -0.001878973566
68    -0.001741432507    -0.001741432507    -0.001741432507
69    -0.001614380649    -0.001614380649    -0.001614380649
70    -0.00149684326    -0.00149684326    -0.00149684326
71    -0.001388241725    -0.001388241725    -0.001388241725
72    -0.001287503306    -0.001287503306    -0.001287503306
73    -0.001193965774    -0.001193965774    -0.001193965774
74    -0.001107040859    -0.001107040859    -0.001107040859
75    -0.001026203616    -0.001026203616    -0.001026203616
76    -0.000950983557    -0.000950983557    -0.000950983557
77    -0.0008809572207    -0.0008809572207    -0.0008809572207
78    -0.0008157419311    -0.0008157419311    -0.0008157419311
79    -0.0007549905415    -0.0007549905415    -0.0007549905415
80    -0.0006983869903    -0.0006983869903    -0.0006983869903
81    -0.0006527185307    -0.0006527185307    -0.0006527185307
82    -0.0006105077048    -0.0006105077048    -0.0006105077048
83    -0.000571460286    -0.000571460286    -0.000571460286
84    -0.0005353096487    -0.0005353096487    -0.0005353096487
85    -0.0005018139537    -0.0005018139537    -0.0005018139537
86    -0.0004707536412    -0.0004707536412    -0.0004707536412
87    -0.0004419291983    -0.0004419291983    -0.0004419291983
88    -0.0004151591659    -0.0004151591659    -0.0004151591659
89    -0.0003902783595    -0.0003902783595    -0.0003902783595
90    -0.0003671362795    -0.0003671362795    -0.0003671362795
91    -0.0003455956876    -0.0003455956876    -0.0003455956876
92    -0.0003255313333    -0.0003255313333    -0.0003255313333
93    -0.0003068288114    -0.0003068288114    -0.0003068288114
94    -0.0002893835372    -0.0002893835372    -0.0002893835372
95    -0.0002730998266    -0.0002730998266    -0.0002730998266
96    -0.0002578900687    -0.0002578900687    -0.0002578900687
97    -0.0002436739818    -0.0002436739818    -0.0002436739818
98    -0.0002303779433    -0.0002303779433    -0.0002303779433
99    -0.0002179343859    -0.0002179343859    -0.0002179343859
100    -0.000206281253    -0.000206281253    -0.000206281253
101    -0.0001956962641    -0.0001956962641    -0.0001956962641
102    -0.0001857430616    -0.0001857430616    -0.0001857430616
103    -0.000176374851    -0.000176374851    -0.000176374851
104    -0.0001675491075    -0.0001675491075    -0.0001675491075
105    -0.0001592271195    -0.0001592271195    -0.0001592271195
106    -0.000151373587    -0.000151373587    -0.000151373587
107    -0.0001439562674    -0.0001439562674    -0.0001439562674
108    -0.0001369456625    -0.0001369456625    -0.0001369456625
109    -0.0001303147417    -0.0001303147417    -0.0001303147417
110    -0.000124038697    -0.000124038697    -0.000124038697
111    -0.0001180947251    -0.0001180947251    -0.0001180947251
112    -0.0001124618339    -0.0001124618339    -0.0001124618339
113    -0.0001071206704    -0.0001071206704    -0.0001071206704
114    -0.0001020533668    -0.0001020533668    -0.0001020533668
115    -0.00009724340401    -0.00009724340401    -0.00009724340401
116    -0.00009267548824    -0.00009267548824    -0.00009267548824
117    -0.00008833544173    -0.00008833544173    -0.00008833544173
118    -0.00008421010409    -0.00008421010409    -0.00008421010409
119    -0.0000802872438    -0.0000802872438    -0.0000802872438
120    -0.00007655547874    -0.00007655547874    -0.00007655547874
