###############################################################################
# SDCS (nb/GeV^6) for the 3P1 Singlet channel, unpolarized
# Matrix element normalization follows PRD51 (1995) 1125 Eq. (6.3c) 
###############################################################################
# pT  LP+NLO              LO                    NLO
###############################################################################
5    -797.8722542498579    2211.8155931849906    1182.279883647712
6    -490.7254320649063    900.1479463089171    476.0416798973315
7    -325.8588624876041    396.06723326599894    188.71050283642575
8    -220.6745125534502    187.1959819954272    72.39370362719866
9    -151.64764009775126    94.25454787207738    24.548410135654425
10    -105.85294906186347    50.131319756674706    4.9336947059674054
11    -75.18982646316933    27.972398281566967    -2.8503014088220615
12    -54.259717523112165    16.26762529698023    -5.484073649625322
13    -39.72724191308087    9.810575900987006    -5.905343568367314
14    -29.475113054104874    6.108621849370056    -5.458979429668681
15    -22.15527701541647    3.912309410854986    -4.747207337766137
16    -16.847171592893066    2.569543002365673    -4.001943532914507
17    -12.964620348393282    1.725937111645288    -3.329952941743468
18    -10.09464033815162    1.1829584776195374    -2.7584816717371057
19    -7.943732386974867    0.8257391946974008    -2.2835112959935846
20    -6.310600866845239    0.586007297795292    -1.891505403063655
21    -5.052696329781503    0.4222139321303387    -1.5668082230004057
22    -4.078249530311838    0.30842984607138696    -1.3015945680601828
23    -3.3170156667861583    0.22818274020243517    -1.0853689629966539
24    -2.717529207979045    0.17079643310351247    -0.9089846959473663
25    -2.241769216545671    0.12922935815723707    -0.7648009713539463
26    -1.863209937078135    0.09876486924071441    -0.648175409649565
27    -1.5576843276297823    0.07618684975831276    -0.551503262919818
28    -1.3092823547148913    0.05928135483531976    -0.47091920830871536
29    -1.1059528496601843    0.04650169600521579    -0.40340485382279684
30    -0.9384758825559755    0.03675429075277006    -0.3465805946282524
31    -0.7990107071675356    0.029257632603214435    -0.29786303705320666
32    -0.6831369402952592    0.02344602780991023    -0.2568209968203572
33    -0.5864649963736179    0.01890727204799803    -0.2221946109787015
34    -0.5054845946911708    0.015337801984356261    -0.1929240174034015
35    -0.4373782699789426    0.012512098463010199    -0.16812359457641476
36    -0.38010347782707943    0.010261302523583095    -0.14728375617719106
37    -0.331476670742441    0.008457778931742538    -0.12944489090151295
38    -0.29000991128236087    0.007004551679492413    -0.11410197167845447
39    -0.25450268436989676    0.005827356947448395    -0.1008481965655166
40    -0.2239804607267143    0.0048689445083960415    -0.08935333285416021
41    -0.1976245437089582    0.004084914761696309    -0.07932145696838842
42    -0.17481694895798666    0.0034405814586967723    -0.07056925384706883
43    -0.1550196283663147    0.0029087366306335747    -0.06291325707841303
44    -0.13778515824189846    0.0024679074784120653    -0.056199228561802976
45    -0.12273998711758215    0.0021010587188880553    -0.050297041248024976
46    -0.10955672224933696    0.0017946108856243207    -0.04508221135440054
47    -0.09799324735846399    0.0015376781323688427    -0.040482399853644824
48    -0.08782794605225061    0.0013215033241473371    -0.036418560750034315
49    -0.07887237052439673    0.0011390079539750375    -0.032822385677843034
50    -0.0709658816113462    0.0009844462362166614    -0.029634810526792454
51    -0.06396174267028452    0.0008531364643471287    -0.026793240085542912
52    -0.057756565498197174    0.0007412454277682653    -0.024270200036180804
53    -0.05225021706414869    0.0006456265904857088    -0.022028057703081156
54    -0.04735598204488345    0.0005636866487873915    -0.020033560933870608
55    -0.042998688137692975    0.0004932808382242931    -0.01825739883218039
56    -0.03911309778112616    0.0004326294184215716    -0.016673780912870473
57    -0.0356425288916769    0.0003802507832107489    -0.01526004349849744
58    -0.0325376722003761    0.0003349076783056704    -0.013996287929443301
59    -0.029755577161860745    0.00029556379590568515    -0.012865052285645348
60    -0.027258782264794612    0.0002613486173131503    -0.011851016429452493
61    -0.024990057195238592    0.00023152822689174245    -0.010917249735142909
62    -0.022938716839553924    0.00020548371194062588    -0.01006859302083329
63    -0.021080532393332015    0.00018269054960168353    -0.009295530784183575
64    -0.019394383215274695    0.00016270340005066693    -0.008589844388467665
65    -0.017861807094215178    0.0001451432192982476    -0.00794440633706129
66    -0.016466622719741336    0.0001296866179506765    -0.007353011111432392
67    -0.01519461162127594    0.00011605704921644466    -0.006810235438364719
68    -0.01403324929135209    0.00010401749134447984    -0.006311322362164232
69    -0.012971477148351849    0.00009336435460322512    -0.005852084664271303
70    -0.011999508537053165    0.0000839223945547992    -0.005428824079192624
71    -0.011108985947597    0.00007554045459803891    -0.005038263463830656
72    -0.010291793181633233    0.0000680878937600475    -0.004677489633412655
73    -0.009541056165401407    0.00006145158222819073    -0.004343905016154823
74    -0.008850642977935266    0.0000555333684761095    -0.004035186626919848
75    -0.008215072638240112    0.00005024793910025372    -0.0037492511375243304
76    -0.0076294363778337555    0.000045521006474498096    -0.0034842250433946287
77    -0.0070893295274452985    0.00004128777070171823    -0.003238419104782911
78    -0.006590792450901696    0.00003749161160858482    -0.003010306384875953
79    -0.006130259210095892    0.000034082974102778504    -0.0027985033239626205
80    -0.005704512852469845    0.000031018416416174146    -0.0026017533839093167
81    -0.005324741205224961    0.00002825958066630338    -0.0024330648680140994
82    -0.004973957339658176    0.00002577310543934762    -0.0022769689625438
83    -0.004649674845815826    0.00002352946069604991    -0.0021324103599626868
84    -0.004349643456693189    0.000021502601350129535    -0.0019984313073739242
85    -0.004071824499493698    0.000019669523012875245    -0.0018741617897594447
86    -0.0038143691146323086    0.000018009878513265915    -0.0017588107772295036
87    -0.003575598906611646    0.000016505646321574116    -0.0016516584131593634
88    -0.0033539887344940724    0.000015140843379627644    -0.0015520490351842904
89    -0.003148151387265285    0.000013901275990747765    -0.0014593849341704422
90    -0.0029568239218210265    0.00001277432338576893    -0.0013731207677424853
91    -0.002778888005888836    0.00001174874939030986    -0.0012927585549530791
92    -0.0026132547622987074    0.000010814538298747115    -0.0012178431874191851
93    -0.002458965243469977    9.962751633652188e-6    -0.0011479583998934653
94    -0.002315143562858612    9.18540295349994e-6    -0.0010827231499289693
95    -0.00218098899139597    8.47534828089166e-6    -0.0010217883621574926
96    -0.0020557688723951413    7.826190070472695e-6    -0.0009648339978432129
97    -0.001938812263396249    7.232192930216275e-6    -0.0009115664148867471
98    -0.0018295042244033982    6.688209560147788e-6    -0.0008617159874212564
99    -0.0017272806815415366    6.18961558585065e-6    -0.000815034957630977
100    -0.0016316238035224576    5.732252146032374e-6    -0.0007712954954943061
101    -0.001542711862937603    5.31240957284269e-6    -0.0007309574589683614
102    -0.0014593580519428303    4.926673298268543e-6    -0.000693059989303864
103    -0.0013811632698349863    4.572000590966255e-6    -0.0006574281582979354
104    -0.0013077610345005228    4.245644313602047e-6    -0.0006239018060000102
105    -0.0012388144886989975    3.945121879574139e-6    -0.0005923341058497472
106    -0.0011740137110901137    3.6681877119284805e-6    -0.0005625902864843182
107    -0.0011130732979284597    3.41280878235836e-6    -0.0005345464913296055
108    -0.0010557301855041478    3.17714286227003e-6    -0.000508088759571369
109    -0.0010017416870130545    2.9595191646492273e-6    -0.0004831121142319667
110    -0.0009508837206750353    2.7584210959275533e-6    -0.00045951974490911755
111    -0.0009029460972824665    2.572470872116889e-6    -0.00043722227431064985
112    -0.000857740997424413    2.40041578391008e-6    -0.00041613709908031504
113    -0.0008150912263825568    2.2411159218882556e-6    -0.000396187796586913
114    -0.0007748326110752167    2.0935331959765097e-6    -0.00037730359036827976
115    -0.000736812927656782    1.956721503325998e-6    -0.00035941886780627575
116    -0.0007008909268745036    1.8298179162731305e-6    -0.0003424727443776367
117    -0.0006669354474170247    1.7120347772818383e-6    -0.00032640866949474446
118    -0.0006348246085503861    1.6026526011103746e-6    -0.0003111740695339251
119    -0.0006044450742736466    1.5010136961137881e-6    -0.00029672002415847366
120    -0.0005756913820538755    1.4065164268174976e-6    -0.00028300097248937537
