# Values "interpolated/scaled" by Carlos to match the ones from Shao at low pt
# where we observed wiggles.
#
# Also fixed the apparent mixup of h=0 and |h|=1 states
#
# For compatibility keep the three column layout of the originals but fill all
# with the same values, i.e. pT, LP+NLO, NLO
5    -82.86338886    -82.86338886    -82.86338886
6    -37.11321977    -37.11321977    -37.11321977
7    -38.11094304    -38.11094304    -38.11094304
8    -26.60997317    -26.60997317    -26.60997317
9    -15.54868113    -15.54868113    -15.54868113
10    -9.741725971    -9.741725971    -9.741725971
11    -6.770013895    -6.770013895    -6.770013895
12    -5.553150178    -5.553150178    -5.553150178
13    -3.879132574    -3.879132574    -3.879132574
14    -2.9199751    -2.9199751    -2.9199751
15    -1.996972813    -1.996972813    -1.996972813
16    -1.391996195    -1.391996195    -1.391996195
17    -1.036121586    -1.036121586    -1.036121586
18    -0.8091191469    -0.8091191469    -0.8091191469
19    -0.6489591135    -0.6489591135    -0.6489591135
20    -0.5267709929    -0.5267709929    -0.5267709929
21    -0.4237294955    -0.4237294955    -0.4237294955
22    -0.3439432577    -0.3439432577    -0.3439432577
23    -0.2812383845    -0.2812383845    -0.2812383845
24    -0.2313552992    -0.2313552992    -0.2313552992
25    -0.1912718832    -0.1912718832    -0.1912718832
26    -0.1567297033    -0.1567297033    -0.1567297033
27    -0.1288579586    -0.1288579586    -0.1288579586
28    -0.1063476265    -0.1063476265    -0.1063476265
29    -0.08813720097    -0.08813720097    -0.08813720097
30    -0.07337359946    -0.07337359946    -0.07337359946
31    -0.06140012973    -0.06140012973    -0.06140012973
32    -0.05163209181    -0.05163209181    -0.05163209181
33    -0.04363664295    -0.04363664295    -0.04363664295
34    -0.03706973627    -0.03706973627    -0.03706973627
35    -0.03165727405    -0.03165727405    -0.03165727405
36    -0.02763998715    -0.02763998715    -0.02763998715
37    -0.02425394192    -0.02425394192    -0.02425394192
38    -0.02138262092    -0.02138262092    -0.02138262092
39    -0.01893383677    -0.01893383677    -0.01893383677
40    -0.01683415451    -0.01683415451    -0.01683415451
41    -0.01506513982    -0.01506513982    -0.01506513982
42    -0.01351838518    -0.01351838518    -0.01351838518
43    -0.01215444757    -0.01215444757    -0.01215444757
44    -0.01094321638    -0.01094321638    -0.01094321638
45    -0.009861369275    -0.009861369275    -0.009861369275
46    -0.008865652084    -0.008865652084    -0.008865652084
47    -0.007978359131    -0.007978359131    -0.007978359131
48    -0.007188709657    -0.007188709657    -0.007188709657
49    -0.006486517677    -0.006486517677    -0.006486517677
50    -0.005862337463    -0.005862337463    -0.005862337463
51    -0.005276721295    -0.005276721295    -0.005276721295
52    -0.004756201718    -0.004756201718    -0.004756201718
53    -0.004291339105    -0.004291339105    -0.004291339105
54    -0.003874445933    -0.003874445933    -0.003874445933
55    -0.00349921072    -0.00349921072    -0.00349921072
56    -0.003160409873    -0.003160409873    -0.003160409873
57    -0.002853685504    -0.002853685504    -0.002853685504
58    -0.002575373076    -0.002575373076    -0.002575373076
59    -0.002322366926    -0.002322366926    -0.002322366926
60    -0.002092014769    -0.002092014769    -0.002092014769
61    -0.001892112598    -0.001892112598    -0.001892112598
62    -0.001713361036    -0.001713361036    -0.001713361036
63    -0.001553582569    -0.001553582569    -0.001553582569
64    -0.001410797004    -0.001410797004    -0.001410797004
65    -0.00128321117    -0.00128321117    -0.00128321117
66    -0.001169206851    -0.001169206851    -0.001169206851
67    -0.001067327836    -0.001067327836    -0.001067327836
68    -0.0009762667437    -0.0009762667437    -0.0009762667437
69    -0.0008948520606    -0.0008948520606    -0.0008948520606
70    -0.0008220356779    -0.0008220356779    -0.0008220356779
71    -0.0007604250814    -0.0007604250814    -0.0007604250814
72    -0.0007050766975    -0.0007050766975    -0.0007050766975
73    -0.0006552916871    -0.0006552916871    -0.0006552916871
74    -0.000610452534    -0.000610452534    -0.000610452534
75    -0.0005700134338    -0.0005700134338    -0.0005700134338
76    -0.0005334918061    -0.0005334918061    -0.0005334918061
77    -0.0005004608063    -0.0005004608063    -0.0005004608063
78    -0.0004705427236    -0.0004705427236    -0.0004705427236
79    -0.0004434031647    -0.0004434031647    -0.0004434031647
80    -0.0004187459316    -0.0004187459316    -0.0004187459316
81    -0.0003909947222    -0.0003909947222    -0.0003909947222
82    -0.0003653874463    -0.0003653874463    -0.0003653874463
83    -0.0003417370774    -0.0003417370774    -0.0003417370774
84    -0.0003198746381    -0.0003198746381    -0.0003198746381
85    -0.0002996473015    -0.0002996473015    -0.0002996473015
86    -0.0002809167063    -0.0002809167063    -0.0002809167063
87    -0.0002635574629    -0.0002635574629    -0.0002635574629
88    -0.0002474558257    -0.0002474558257    -0.0002474558257
89    -0.0002325085116    -0.0002325085116    -0.0002325085116
90    -0.000218621649    -0.000218621649    -0.000218621649
91    -0.0002057098401    -0.0002057098401    -0.0002057098401
92    -0.0001936953245    -0.0001936953245    -0.0001936953245
93    -0.0001825072323    -0.0001825072323    -0.0001825072323
94    -0.0001720809156    -0.0001720809156    -0.0001720809156
95    -0.0001623573509    -0.0001623573509    -0.0001623573509
96    -0.0001532826029    -0.0001532826029    -0.0001532826029
97    -0.0001448073443    -0.0001448073443    -0.0001448073443
98    -0.0001368864244    -0.0001368864244    -0.0001368864244
99    -0.0001294784811    -0.0001294784811    -0.0001294784811
100    -0.0001225455926    -0.0001225455926    -0.0001225455926
101    -0.0001163083146    -0.0001163083146    -0.0001163083146
102    -0.0001104415992    -0.0001104415992    -0.0001104415992
103    -0.0001049172871    -0.0001049172871    -0.0001049172871
104    -0.000099709926    -0.000099709926    -0.000099709926
105    -0.00009479646348    -0.00009479646348    -0.00009479646348
106    -0.0000901559794    -0.0000901559794    -0.0000901559794
107    -0.00008576945099    -0.00008576945099    -0.00008576945099
108    -0.00008161954707    -0.00008161954707    -0.00008161954707
109    -0.00007769044717    -0.00007769044717    -0.00007769044717
110    -0.0000739676825    -0.0000739676825    -0.0000739676825
111    -0.00007043799573    -0.00007043799573    -0.00007043799573
112    -0.00006708921738    -0.00006708921738    -0.00006708921738
113    -0.00006391015646    -0.00006391015646    -0.00006391015646
114    -0.00006089050377    -0.00006089050377    -0.00006089050377
115    -0.00005802074613    -0.00005802074613    -0.00005802074613
116    -0.00005529209026    -0.00005529209026    -0.00005529209026
117    -0.00005269639504    -0.00005269639504    -0.00005269639504
118    -0.00005022611128    -0.00005022611128    -0.00005022611128
119    -0.00004787422793    -0.00004787422793    -0.00004787422793
120    -0.00004563422401    -0.00004563422401    -0.00004563422401
