# Values "interpolated/scaled" by Carlos to match the ones from Shao at low pt
# where we observed wiggles.
#
# Also fixed the apparent mixup of h=0 and |h|=1 states
#
# For compatibility keep the three column layout of the originals but fill all
# with the same values, i.e. pT, LP+NLO, NLO
5    -108.1456671    -108.1456671    -108.1456671
6    -140.2810008    -140.2810008    -140.2810008
7    -80.84149575    -80.84149575    -80.84149575
8    -48.70858751    -48.70858751    -48.70858751
9    -31.70816606    -31.70816606    -31.70816606
10    -21.13969705    -21.13969705    -21.13969705
11    -15.42216511    -15.42216511    -15.42216511
12    -9.529656581    -9.529656581    -9.529656581
13    -6.968855385    -6.968855385    -6.968855385
14    -4.94569125    -4.94569125    -4.94569125
15    -3.814169111    -3.814169111    -3.814169111
16    -3.033774651    -3.033774651    -3.033774651
17    -2.354666901    -2.354666901    -2.354666901
18    -1.808353922    -1.808353922    -1.808353922
19    -1.387674332    -1.387674332    -1.387674332
20    -1.071399361    -1.071399361    -1.071399361
21    -0.8499002374    -0.8499002374    -0.8499002374
22    -0.679999258    -0.679999258    -0.679999258
23    -0.548763889    -0.548763889    -0.548763889
24    -0.4466491271    -0.4466491271    -0.4466491271
25    -0.3665959887    -0.3665959887    -0.3665959887
26    -0.3055853061    -0.3055853061    -0.3055853061
27    -0.2566876382    -0.2566876382    -0.2566876382
28    -0.2170667107    -0.2170667107    -0.2170667107
29    -0.1846484224    -0.1846484224    -0.1846484224
30    -0.1578921169    -0.1578921169    -0.1578921169
31    -0.1356369263    -0.1356369263    -0.1356369263
32    -0.1169966373    -0.1169966373    -0.1169966373
33    -0.1012865385    -0.1012865385    -0.1012865385
34    -0.08797172647    -0.08797172647    -0.08797172647
35    -0.07663004979    -0.07663004979    -0.07663004979
36    -0.06642198709    -0.06642198709    -0.06642198709
37    -0.05773365128    -0.05773365128    -0.05773365128
38    -0.05032138974    -0.05032138974    -0.05032138974
39    -0.04398248384    -0.04398248384    -0.04398248384
40    -0.03854814342    -0.03854814342    -0.03854814342
41    -0.0338776746    -0.0338776746    -0.0338776746
42    -0.02985364389    -0.02985364389    -0.02985364389
43    -0.02637787916    -0.02637787916    -0.02637787916
44    -0.02336816835    -0.02336816835    -0.02336816835
45    -0.02075553677    -0.02075553677    -0.02075553677
46    -0.01848200214    -0.01848200214    -0.01848200214
47    -0.01649872343    -0.01649872343    -0.01649872343
48    -0.01476447342    -0.01476447342    -0.01476447342
49    -0.01324437745    -0.01324437745    -0.01324437745
50    -0.01190887065    -0.01190887065    -0.01190887065
51    -0.0107776455    -0.0107776455    -0.0107776455
52    -0.009774173463    -0.009774173463    -0.009774173463
53    -0.008881571124    -0.008881571124    -0.008881571124
54    -0.008085511473    -0.008085511473    -0.008085511473
55    -0.00737378928    -0.00737378928    -0.00737378928
56    -0.006735968046    -0.006735968046    -0.006735968046
57    -0.006163091871    -0.006163091871    -0.006163091871
58    -0.00564744921    -0.00564744921    -0.00564744921
59    -0.005182378336    -0.005182378336    -0.005182378336
60    -0.004762106462    -0.004762106462    -0.004762106462
61    -0.004381616169    -0.004381616169    -0.004381616169
62    -0.004036534069    -0.004036534069    -0.004036534069
63    -0.003723037662    -0.003723037662    -0.003723037662
64    -0.003437777133    -0.003437777133    -0.003437777133
65    -0.003177809463    -0.003177809463    -0.003177809463
66    -0.002940542736    -0.002940542736    -0.002940542736
67    -0.002723688912    -0.002723688912    -0.002723688912
68    -0.002525223654    -0.002525223654    -0.002525223654
69    -0.002343352058    -0.002343352058    -0.002343352058
70    -0.002176479331    -0.002176479331    -0.002176479331
71    -0.002019934985    -0.002019934985    -0.002019934985
72    -0.001876218699    -0.001876218699    -0.001876218699
73    -0.001744156307    -0.001744156307    -0.001744156307
74    -0.001622691932    -0.001622691932    -0.001622691932
75    -0.001510875024    -0.001510875024    -0.001510875024
76    -0.001407848918    -0.001407848918    -0.001407848918
77    -0.001312840746    -0.001312840746    -0.001312840746
78    -0.001225152506    -0.001225152506    -0.001225152506
79    -0.001144153169    -0.001144153169    -0.001144153169
80    -0.001069271672    -0.001069271672    -0.001069271672
81    -0.000999990711    -0.000999990711    -0.000999990711
82    -0.0009358412272    -0.0009358412272    -0.0009358412272
83    -0.0008763974981    -0.0008763974981    -0.0008763974981
84    -0.0008212727735    -0.0008212727735    -0.0008212727735
85    -0.0007701153838    -0.0007701153838    -0.0007701153838
86    -0.0007226052691    -0.0007226052691    -0.0007226052691
87    -0.0006784508789    -0.0006784508789    -0.0006784508789
88    -0.0006373864007    -0.0006373864007    -0.0006373864007
89    -0.0005991692799    -0.0005991692799    -0.0005991692799
90    -0.000563577998    -0.000563577998    -0.000563577998
91    -0.0005304100808    -0.0005304100808    -0.0005304100808
92    -0.0004994803097    -0.0004994803097    -0.0004994803097
93    -0.0004706191157    -0.0004706191157    -0.0004706191157
94    -0.0004436711349    -0.0004436711349    -0.0004436711349
95    -0.0004184939076    -0.0004184939076    -0.0004184939076
96    -0.0003949567076    -0.0003949567076    -0.0003949567076
97    -0.0003729394853    -0.0003729394853    -0.0003729394853
98    -0.0003523319147    -0.0003523319147    -0.0003523319147
99    -0.0003330325321    -0.0003330325321    -0.0003330325321
100    -0.0003149479576    -0.0003149479576    -0.0003149479576
101    -0.0002979921907    -0.0002979921907    -0.0002979921907
102    -0.0002820859722    -0.0002820859722    -0.0002820859722
103    -0.0002671562062    -0.0002671562062    -0.0002671562062
104    -0.0002531354356    -0.0002531354356    -0.0002531354356
105    -0.0002399613658    -0.0002399613658    -0.0002399613658
106    -0.0002275764327    -0.0002275764327    -0.0002275764327
107    -0.0002159274091    -0.0002159274091    -0.0002159274091
108    -0.0002049650469    -0.0002049650469    -0.0002049650469
109    -0.0001946437516    -0.0001946437516    -0.0001946437516
110    -0.0001849212853    -0.0001849212853    -0.0001849212853
111    -0.000175758496    -0.000175758496    -0.000175758496
112    -0.0001671190707    -0.0001671190707    -0.0001671190707
113    -0.0001589693098    -0.0001589693098    -0.0001589693098
114    -0.000151277921    -0.000151277921    -0.000151277921
115    -0.0001440158308    -0.0001440158308    -0.0001440158308
116    -0.0001371560122    -0.0001371560122    -0.0001371560122
117    -0.0001306733266    -0.0001306733266    -0.0001306733266
118    -0.0001245443792    -0.0001245443792    -0.0001245443792
119    -0.0001187473866    -0.0001187473866    -0.0001187473866
120    -0.0001132620545    -0.0001132620545    -0.0001132620545
