# Values "interpolated/scaled" by Carlos to match the ones from Shao at low pt
# where we observed wiggles.
#
# Also fixed the apparent mixup of h=0 and |h|=1 states
#
# For compatibility keep the three column layout of the originals but fill all
# with the same values, i.e. pT, LP+NLO, NLO
5    412.8408087    412.8408087    412.8408087
6    244.3544962    244.3544962    244.3544962
7    120.058571    120.058571    120.058571
8    54.60244512    54.60244512    54.60244512
9    22.87942899    22.87942899    22.87942899
10    9.581498366    9.581498366    9.581498366
11    6.503960711    6.503960711    6.503960711
12    2.497842017    2.497842017    2.497842017
13    1.30696184    1.30696184    1.30696184
14    0.5444629608    0.5444629608    0.5444629608
15    0.1725810814    0.1725810814    0.1725810814
16    0.1099388721    0.1099388721    0.1099388721
17    0.03260619972    0.03260619972    0.03260619972
18    -0.02922484566    -0.02922484566    -0.02922484566
19    -0.0723438904    -0.0723438904    -0.0723438904
20    -0.09841278915    -0.09841278915    -0.09841278915
21    -0.09361069306    -0.09361069306    -0.09361069306
22    -0.08610007095    -0.08610007095    -0.08610007095
23    -0.07762864358    -0.07762864358    -0.07762864358
24    -0.06913766785    -0.06913766785    -0.06913766785
25    -0.06110876899    -0.06110876899    -0.06110876899
26    -0.05377730916    -0.05377730916    -0.05377730916
27    -0.04719923403    -0.04719923403    -0.04719923403
28    -0.0413704234    -0.0413704234    -0.0413704234
29    -0.03624662911    -0.03624662911    -0.03624662911
30    -0.03176532266    -0.03176532266    -0.03176532266
31    -0.02785803496    -0.02785803496    -0.02785803496
32    -0.02445710306    -0.02445710306    -0.02445710306
33    -0.02149913829    -0.02149913829    -0.02149913829
34    -0.0189265922    -0.0189265922    -0.0189265922
35    -0.01668824018    -0.01668824018    -0.01668824018
36    -0.01473162084    -0.01473162084    -0.01473162084
37    -0.01302718534    -0.01302718534    -0.01302718534
38    -0.01154062066    -0.01154062066    -0.01154062066
39    -0.01024227452    -0.01024227452    -0.01024227452
40    -0.009106597445    -0.009106597445    -0.009106597445
41    -0.008111614321    -0.008111614321    -0.008111614321
42    -0.007238441907    -0.007238441907    -0.007238441907
43    -0.006470858661    -0.006470858661    -0.006470858661
44    -0.005794927051    -0.005794927051    -0.005794927051
45    -0.005198665448    -0.005198665448    -0.005198665448
46    -0.004671765192    -0.004671765192    -0.004671765192
47    -0.004205347821    -0.004205347821    -0.004205347821
48    -0.003791757503    -0.003791757503    -0.003791757503
49    -0.003424383952    -0.003424383952    -0.003424383952
50    -0.003097511573    -0.003097511573    -0.003097511573
51    -0.00280882994    -0.00280882994    -0.00280882994
52    -0.002550802269    -0.002550802269    -0.002550802269
53    -0.002319776524    -0.002319776524    -0.002319776524
54    -0.002112582126    -0.002112582126    -0.002112582126
55    -0.001926460582    -0.001926460582    -0.001926460582
56    -0.001759006914    -0.001759006914    -0.001759006914
57    -0.001608120089    -0.001608120089    -0.001608120089
58    -0.001471960987    -0.001471960987    -0.001471960987
59    -0.001348916647    -0.001348916647    -0.001348916647
60    -0.001237569816    -0.001237569816    -0.001237569816
61    -0.001136672936    -0.001136672936    -0.001136672936
62    -0.00104512588    -0.00104512588    -0.00104512588
63    -0.0009619568593    -0.0009619568593    -0.0009619568593
64    -0.000886306014    -0.000886306014    -0.000886306014
65    -0.0008174112798    -0.0008174112798    -0.0008174112798
66    -0.000754596193    -0.000754596193    -0.000754596193
67    -0.0006972593474    -0.0006972593474    -0.0006972593474
68    -0.0006448652611    -0.0006448652611    -0.0006448652611
69    -0.0005969364515    -0.0005969364515    -0.0005969364515
70    -0.0005530465449    -0.0005530465449    -0.0005530465449
71    -0.0005122276265    -0.0005122276265    -0.0005122276265
72    -0.0004748213258    -0.0004748213258    -0.0004748213258
73    -0.0004405130107    -0.0004405130107    -0.0004405130107
74    -0.0004090194208    -0.0004090194208    -0.0004090194208
75    -0.0003800853408    -0.0003800853408    -0.0003800853408
76    -0.0003534806414    -0.0003534806414    -0.0003534806414
77    -0.0003289976489    -0.0003289976489    -0.0003289976489
78    -0.0003064488038    -0.0003064488038    -0.0003064488038
79    -0.0002856645772    -0.0002856645772    -0.0002856645772
80    -0.0002664916144    -0.0002664916144    -0.0002664916144
81    -0.0002487910803    -0.0002487910803    -0.0002487910803
82    -0.0002324371841    -0.0002324371841    -0.0002324371841
83    -0.0002173158628    -0.0002173158628    -0.0002173158628
84    -0.0002033236056    -0.0002033236056    -0.0002033236056
85    -0.000190366403    -0.000190366403    -0.000190366403
86    -0.0001783588076    -0.0001783588076    -0.0001783588076
87    -0.0001672230936    -0.0001672230936    -0.0001672230936
88    -0.000156888504    -0.000156888504    -0.000156888504
89    -0.0001472905758    -0.0001472905758    -0.0001472905758
90    -0.0001383705358    -0.0001383705358    -0.0001383705358
91    -0.0001300747572    -0.0001300747572    -0.0001300747572
92    -0.0001223542722    -0.0001223542722    -0.0001223542722
93    -0.0001151643341    -0.0001151643341    -0.0001151643341
94    -0.0001084640232    -0.0001084640232    -0.0001084640232
95    -0.0001022158917    -0.0001022158917    -0.0001022158917
96    -0.00009638564507    -0.00009638564507    -0.00009638564507
97    -0.00009094185317    -0.00009094185317    -0.00009094185317
98    -0.00008585569113    -0.00008585569113    -0.00008585569113
99    -0.00008110070464    -0.00008110070464    -0.00008110070464
100    -0.00007665259814    -0.00007665259814    -0.00007665259814
101    -0.00007248904331    -0.00007248904331    -0.00007248904331
102    -0.0000685895059    -0.0000685895059    -0.0000685895059
103    -0.00006493508879    -0.00006493508879    -0.00006493508879
104    -0.00006150839    -0.00006150839    -0.00006150839
105    -0.00005829337381    -0.00005829337381    -0.00005829337381
106    -0.0000552752539    -0.0000552752539    -0.0000552752539
107    -0.00005244038725    -0.00005244038725    -0.00005244038725
108    -0.00004977617777    -0.00004977617777    -0.00004977617777
109    -0.00004727098864    -0.00004727098864    -0.00004727098864
110    -0.00004491406257    -0.00004491406257    -0.00004491406257
111    -0.00004269544928    -0.00004269544928    -0.00004269544928
112    -0.00004060593933    -0.00004060593933    -0.00004060593933
113    -0.00003863700388    -0.00003863700388    -0.00003863700388
114    -0.00003678073973    -0.00003678073973    -0.00003678073973
115    -0.00003502981911    -0.00003502981911    -0.00003502981911
116    -0.00003337744388    -0.00003337744388    -0.00003337744388
117    -0.00003181730364    -0.00003181730364    -0.00003181730364
118    -0.00003034353743    -0.00003034353743    -0.00003034353743
119    -0.00002895069869    -0.00002895069869    -0.00002895069869
120    -0.00002763372314    -0.00002763372314    -0.00002763372314
