###############################################################################
# SDCS (nb/GeV^6) for the 3P2 Singlet channel at NLO
# h = 0 ; |h| = 1 ; |h| = 2 ; Total = h0 + 2*h1 + 2*h2
# pT in bins of 1 GeV from 5 to 120 GeV
# Integrated over |y| < 1.2 ---> Values to be divided by 2.4 !!!
###############################################################################
5    398.5366544	-103.1550642	-268.2219366	-344.2173473
6    196.4115135	-62.51822073	-151.8067033	-232.2383347
7    96.78679569	-39.07388796	-89.3491821	-160.0593444
8    47.69924501	-25.20895997	-54.55527665	-111.8292282
9    23.52005019	-16.80597332	-34.47252253	-79.0369415
10   11.6006229	-11.43263491	-22.48759745	-56.23984182
11   5.718903418	-7.995794225	-15.10742049	-40.487526
12   2.828625404	-5.646161416	-10.42697692	-29.31765126
13   1.395378972	-4.04456884	-7.375490624	-21.44473996
14   0.679996312	-2.94398094	-5.333734556	-15.87543468
15   0.320300756	-2.177222896	-3.933901063	-11.90194716
16   0.08693485	-1.621265331	-2.937824546	-9.031244904
17   -0.025661811	-1.225469217	-2.229400821	-6.935401888
18   -0.073770795	-0.939903336	-1.717018973	-5.387615414
19   -0.088444875	-0.730947382	-1.340452483	-4.231244606
20   -0.086732015	-0.575832912	-1.059453503	-3.357304845
21   -0.090313766	-0.452621394	-0.841821976	-2.679200507
22   -0.086697134	-0.359414299	-0.675237068	-2.155999869
23   -0.079333735	-0.28834365	-0.546428961	-1.748878956
24   -0.070375208	-0.233685941	-0.445857749	-1.429462587
25   -0.061108676	-0.191271817	-0.366596119	-1.176844548
26   -0.053777309	-0.156729703	-0.305585306	-0.978407328
27   -0.047199234	-0.128857959	-0.256687638	-0.818290428
28   -0.041370423	-0.106347626	-0.217066711	-0.688199098
29   -0.036246629	-0.088137201	-0.184648422	-0.581817876
30   -0.031765323	-0.073373599	-0.157892117	-0.494296755
31   -0.027858035	-0.06140013	-0.135636926	-0.421932147
32   -0.024457103	-0.051632092	-0.116996637	-0.361714561
33   -0.021499138	-0.043636643	-0.101286539	-0.311345501
34   -0.018926592	-0.037069736	-0.087971726	-0.269009518
35   -0.01668824	-0.031657274	-0.07663005	-0.233262888
36   -0.014731621	-0.027639987	-0.066421987	-0.202855569
37   -0.013027185	-0.024253942	-0.057733651	-0.177002372
38   -0.011540621	-0.021382621	-0.05032139	-0.154948642
39   -0.010242275	-0.018933837	-0.043982484	-0.136074916
40   -0.009106597	-0.016834155	-0.038548143	-0.119871193
41   -0.008111614	-0.01506514	-0.033877675	-0.105997243
42   -0.007238442	-0.013518385	-0.029853644	-0.0939825
43   -0.006470859	-0.012154448	-0.026377879	-0.083535512
44   -0.005794927	-0.010943216	-0.023368168	-0.074417697
45   -0.005198665	-0.009861369	-0.020755537	-0.066432478
46   -0.004671765	-0.008865652	-0.018482002	-0.059367074
47   -0.004205348	-0.007978359	-0.016498723	-0.053159513
48   -0.003791758	-0.00718871	-0.014764473	-0.047698124
49   -0.003424384	-0.006486518	-0.013244377	-0.042886174
50   -0.003097512	-0.005862337	-0.011908871	-0.038639928
51   -0.00280883	-0.005276721	-0.010777645	-0.034917564
52   -0.002550802	-0.004756202	-0.009774173	-0.031611553
53   -0.002319777	-0.004291339	-0.008881571	-0.028665597
54   -0.002112582	-0.003874446	-0.008085511	-0.026032497
55   -0.001926461	-0.003499211	-0.007373789	-0.023672461
56   -0.001759007	-0.00316041	-0.006735968	-0.021551763
57   -0.00160812	-0.002853686	-0.006163092	-0.019641675
58   -0.001471961	-0.002575373	-0.005647449	-0.017917606
59   -0.001348917	-0.002322367	-0.005182378	-0.016358407
60   -0.00123757	-0.002092015	-0.004762106	-0.014945812
61   -0.001136673	-0.001892113	-0.004381616	-0.01368413
62   -0.001045126	-0.001713361	-0.004036534	-0.012544916
63   -0.000961957	-0.001553583	-0.003723038	-0.011515197
64   -0.000886306	-0.001410797	-0.003437777	-0.010583454
65   -0.000817411	-0.001283211	-0.003177809	-0.009739453
66   -0.000754596	-0.001169207	-0.002940543	-0.008974095
67   -0.000697259	-0.001067328	-0.002723689	-0.008279293
68   -0.000644865	-0.000976267	-0.002525224	-0.007647846
69   -0.000596936	-0.000894852	-0.002343352	-0.007073345
70   -0.000553047	-0.000822036	-0.002176479	-0.006550077
71   -0.000512228	-0.000760425	-0.002019935	-0.006072948
72   -0.000474821	-0.000705077	-0.001876219	-0.005637412
73   -0.000440513	-0.000655292	-0.001744156	-0.005239409
74   -0.000409019	-0.000610453	-0.001622692	-0.004875308
75   -0.000380085	-0.000570013	-0.001510875	-0.004541862
76   -0.000353481	-0.000533492	-0.001407849	-0.004236162
77   -0.000328998	-0.000500461	-0.001312841	-0.003955601
78   -0.000306449	-0.000470543	-0.001225153	-0.003697839
79   -0.000285665	-0.000443403	-0.001144153	-0.003460777
80   -0.000266492	-0.000418746	-0.001069272	-0.003242527
81   -0.000248791	-0.000390995	-0.000999991	-0.003030762
82   -0.000232437	-0.000365387	-0.000935841	-0.002834895
83   -0.000217316	-0.000341737	-0.000876397	-0.002653585
84   -0.000203324	-0.000319875	-0.000821273	-0.002485618
85   -0.000190366	-0.000299647	-0.000770115	-0.002329892
86   -0.000178359	-0.000280917	-0.000722605	-0.002185403
87   -0.000167223	-0.000263557	-0.000678451	-0.00205124
88   -0.000156889	-0.000247456	-0.000637386	-0.001926573
89   -0.000147291	-0.000232509	-0.000599169	-0.001810646
90   -0.000138371	-0.000218622	-0.000563578	-0.00170277
91   -0.000130075	-0.00020571	-0.00053041	-0.001602315
92   -0.000122354	-0.000193695	-0.00049948	-0.001508706
93   -0.000115164	-0.000182507	-0.000470619	-0.001421417
94   -0.000108464	-0.000172081	-0.000443671	-0.001339968
95   -0.000102216	-0.000162357	-0.000418494	-0.001263918
96   -9.63856E-05	-0.000153283	-0.000394957	-0.001192864
97   -9.09419E-05	-0.000144807	-0.000372939	-0.001126436
98   -8.58557E-05	-0.000136886	-0.000352332	-0.001064292
99   -8.11007E-05	-0.000129478	-0.000333033	-0.001006123
100  -7.66526E-05	-0.000122546	-0.000314948	-0.00095164
101  -7.2489E-05	-0.000116308	-0.000297992	-0.00090109
102  -6.85895E-05	-0.000110442	-0.000282086	-0.000853645
103  -6.49351E-05	-0.000104917	-0.000267156	-0.000809082
104  -6.15084E-05	-9.97099E-05	-0.000253135	-0.000767199
105  -5.82934E-05	-9.47965E-05	-0.000239961	-0.000727809
106  -5.52753E-05	-9.0156E-05	-0.000227576	-0.00069074
107  -5.24404E-05	-8.57695E-05	-0.000215927	-0.000655834
108  -4.97762E-05	-8.16195E-05	-0.000204965	-0.000622945
109  -4.7271E-05	-7.76904E-05	-0.000194644	-0.000591939
110  -4.49141E-05	-7.39677E-05	-0.000184921	-0.000562692
111  -4.26954E-05	-7.0438E-05	-0.000175758	-0.000535088
112  -4.06059E-05	-6.70892E-05	-0.000167119	-0.000509023
113  -3.8637E-05	-6.39102E-05	-0.000158969	-0.000484396
114  -3.67807E-05	-6.08905E-05	-0.000151278	-0.000461118
115  -3.50298E-05	-5.80207E-05	-0.000144016	-0.000439103
116  -3.33774E-05	-5.52921E-05	-0.000137156	-0.000418274
117  -3.18173E-05	-5.26964E-05	-0.000130673	-0.000398557
118  -3.03435E-05	-5.02261E-05	-0.000124544	-0.000379885
119  -2.89507E-05	-4.78742E-05	-0.000118747	-0.000362194
120  -2.76337E-05	-4.56342E-05	-0.000113262	-0.000345426
