###############################################################################
# SDCS (nb/GeV^6) for the 3P2 Singlet channel at NLO+LP
# h = 0 ; |h| = 1 ; |h| = 2 ; Total = h0 + 2*h1 + 2*h2
# pT in bins of 1 GeV from 5 to 120 GeV
# Integrated over |y| < 1.2 ---> Values to be divided by 2.4 !!!
###############################################################################
5    182.1881444	-478.8760000	-1052.604654	-2880.773163
6    91.3119464	-244.1919996	-531.6776746	-1460.427402
7    41.02918944	-135.1597953	-290.4684468	-810.2272947
8    16.01610788	-79.68788659	-168.6706475	-480.7009603
9    4.513038668	-49.41994181	-102.8357469	-299.9983387
10   -0.327660946	-31.86234184	-65.33740375	-194.7271521
11   -2.057832087	-21.29508019	-43.01574934	-130.6794911
12   -2.408083063	-14.59018521	-29.20393972	-89.99633291
13   -2.231534123	-10.2318184	-20.37005998	-63.4352909
14   -1.892650976	-7.328042797	-14.54449494	-45.63772645
15   -1.542697445	-5.348897812	-10.599616	-33.43972507
16   -1.286566424	-3.957548739	-7.849263134	-24.90019017
17   -1.055062873	-2.975043929	-5.908400138	-18.82195101
18   -0.857038965	-2.270158064	-4.514946288	-14.42724767
19   -0.69238582	-1.755934636	-3.496788942	-11.19783298
20   -0.557963771	-1.375076309	-2.741224343	-8.790565075
21   -0.461823249	-1.082356726	-2.167169048	-6.960874798
22   -0.38246314	-0.860481754	-1.729979981	-5.563386611
23   -0.316927129	-0.690648702	-1.393423336	-4.485071205
24   -0.262831364	-0.55940058	-1.131714295	-3.645061114
25   -0.218209045	-0.457023679	-0.926276576	-2.984809556
26   -0.182960312	-0.375154629	-0.765663692	-2.464596953
27   -0.15413221	-0.309581138	-0.637408506	-2.048111496
28   -0.13043272	-0.256803346	-0.534068913	-1.71217724
29   -0.110852124	-0.214118204	-0.450119432	-1.439327397
30   -0.094597082	-0.179430605	-0.381407658	-1.216273608
31   -0.081037718	-0.151130421	-0.324767404	-1.032833368
32   -0.069680472	-0.127909379	-0.277790644	-0.881080518
33   -0.060127985	-0.108767752	-0.238600122	-0.754863733
34   -0.05206133	-0.092918003	-0.205727843	-0.649353024
35   -0.045223291	-0.079736665	-0.178016503	-0.560729627
36   -0.039398008	-0.06918744	-0.154043575	-0.485860038
37   -0.034425517	-0.060285369	-0.133729971	-0.422456198
38   -0.030166809	-0.052736557	-0.11645866	-0.368557243
39   -0.026507711	-0.046305678	-0.101725583	-0.322570233
40   -0.023354088	-0.040803179	-0.089117469	-0.283195385
41   -0.020628337	-0.036116465	-0.07829536	-0.249451987
42   -0.018265327	-0.03205889	-0.068977052	-0.220337211
43   -0.016211124	-0.028527224	-0.060930031	-0.195125632
44   -0.014420617	-0.025438642	-0.053961057	-0.173220017
45   -0.012855949	-0.022726082	-0.047909017	-0.154126147
46   -0.011485249	-0.020309849	-0.042639155	-0.137383258
47   -0.010281601	-0.018181762	-0.038038425	-0.122721977
48   -0.009222206	-0.016305464	-0.034011707	-0.109856547
49   -0.008287694	-0.014649223	-0.03047873	-0.098543601
50   -0.00746157	-0.013185391	-0.027371564	-0.088575478
51   -0.006732629	-0.011859572	-0.024678348	-0.07980847
52   -0.006085229	-0.010684542	-0.022293623	-0.072041559
53   -0.005509087	-0.009639678	-0.020176931	-0.065142306
54   -0.004995362	-0.008707733	-0.018293791	-0.058998411
55   -0.004536435	-0.0078742	-0.016614716	-0.053514267
56   -0.004125718	-0.007126808	-0.015114411	-0.048608156
57   -0.003757507	-0.006455126	-0.013771112	-0.044209982
58   -0.003426846	-0.00585024	-0.012566039	-0.040259404
59   -0.003129424	-0.005304499	-0.01148294	-0.036704301
60   -0.002861477	-0.004811302	-0.010507715	-0.03349951
61   -0.00261958	-0.004374734	-0.009627555	-0.030624156
62   -0.002401026	-0.003982846	-0.008832454	-0.028031626
63   -0.002203286	-0.003630842	-0.008113059	-0.025691086
64   -0.002024134	-0.00331444	-0.007461171	-0.023575355
65   -0.001861608	-0.003029828	-0.006869587	-0.021660441
66   -0.001713977	-0.002773612	-0.006331967	-0.019925132
67   -0.001579706	-0.002542766	-0.005842714	-0.018350667
68   -0.001457439	-0.002334601	-0.005396887	-0.016920414
69   -0.001345971	-0.00214672	-0.004990107	-0.015619626
70   -0.001244231	-0.001976992	-0.004618493	-0.014435201
71   -0.001150724	-0.001827159	-0.004275538	-0.013356119
72   -0.001065227	-0.001691302	-0.003961698	-0.012371226
73   -0.000986973	-0.001567959	-0.00367419	-0.011471272
74   -0.000915275	-0.001455837	-0.003410532	-0.01064801
75   -0.000849518	-0.001353782	-0.003168496	-0.009894075
76   -0.000789153	-0.001260778	-0.002946088	-0.009202885
77   -0.000733683	-0.001175912	-0.00274152	-0.008568546
78   -0.000682665	-0.001098377	-0.00255318	-0.007985776
79   -0.000635698	-0.001027449	-0.002379622	-0.00744984
80   -0.000592422	-0.000962488	-0.002219541	-0.00695648
81   -0.000552501	-0.000897581	-0.002071717	-0.006491097
82   -0.000515656	-0.000837712	-0.001935141	-0.006061363
83   -0.000481622	-0.000782442	-0.001808852	-0.005664211
84   -0.000450157	-0.000731374	-0.001691982	-0.005296867
85   -0.000421044	-0.000684147	-0.00158374	-0.004956821
86   -0.000394088	-0.000640438	-0.001483415	-0.004641793
87   -0.000369109	-0.000599948	-0.001390355	-0.004349715
88   -0.000345944	-0.000562415	-0.001303968	-0.00407871
89   -0.000324446	-0.000527592	-0.00122372	-0.003827069
90   -0.00030448	-0.000495259	-0.00114912	-0.003593237
91   -0.000285928	-0.000465224	-0.001079737	-0.003375849
92   -0.000268672	-0.000437293	-0.001015145	-0.00317355
93   -0.000252613	-0.000411302	-0.000954972	-0.002985161
94   -0.000237655	-0.000387097	-0.000898878	-0.002809604
95   -0.000223715	-0.000364539	-0.000846551	-0.002645895
96   -0.000210714	-0.000343502	-0.000797708	-0.002493133
97   -0.000198581	-0.000323869	-0.000752086	-0.002350494
98   -0.000187251	-0.000305535	-0.000709448	-0.002217218
99   -0.000176664	-0.000288402	-0.000669574	-0.002092618
100  -0.000166765	-0.000272383	-0.000632261	-0.001976053
101  -0.000157503	-0.000257645	-0.000597319	-0.001867432
102  -0.000148832	-0.000243827	-0.000564586	-0.001765656
103  -0.000140711	-0.000230858	-0.000533903	-0.001670232
104  -0.0001331	-0.000218679	-0.000505127	-0.00158071
105  -0.000125963	-0.000207231	-0.000478125	-0.001496675
106  -0.000119267	-0.000196465	-0.000452773	-0.001417744
107  -0.000112981	-0.000186331	-0.00042896	-0.001343564
108  -0.000107078	-0.000176787	-0.00040658	-0.001273811
109  -0.00010153	-0.000167792	-0.000385536	-0.001208185
110  -9.63145E-05	-0.00015931	-0.000365738	-0.00114641
111  -9.14077E-05	-0.000151306	-0.000347103	-0.001088225
112  -8.67899E-05	-0.000143749	-0.000329555	-0.001033399
113  -8.24417E-05	-0.000136611	-0.000313023	-0.000981709
114  -7.83453E-05	-0.000129864	-0.00029744	-0.000932954
115  -7.44845E-05	-0.000123484	-0.000282746	-0.000886945
116  -7.08439E-05	-0.000117448	-0.000268883	-0.000843507
117  -6.74094E-05	-0.000111735	-0.000255799	-0.000802477
118  -6.41677E-05	-0.000106325	-0.000243444	-0.000763706
119  -6.11068E-05	-0.000101199	-0.000231773	-0.000727052
120  -5.82152E-05	-9.63411E-05	-0.000220743	-0.000692384
